-0.1050 -0.1101  0.7210  2.1382  0.0487  1
-0.6567 -0.0711  2.6634  2.9446 -1.4382 -1
-1.8399 -0.3227 -3.7018 -4.1655  1.2444 -1
-0.3824 -0.1994 -4.8592 -3.0368  1.3690 -1
-0.0463 -0.0885 -3.0133 -0.7047  0.2653  1
-2.1772 -1.1595  0.1559 -1.2086  0.1205  1
 0.9755 -0.0934 -0.7004  1.8787 -0.5274  1
-0.6709 -0.5437  1.1235  1.6470 -0.2699  1
-4.5423 -1.6794  2.2069 -0.8302  0.4706 -1
-0.0003  0.0848 -2.5776 -1.4168  0.7742  1
 1.9406  0.5834 -0.3623  3.6511 -0.6918 -1
-2.3189 -1.0374  0.0653 -1.0771  0.2722  1
 0.4042 -0.1769 -2.7356 -1.3021  0.3054  1
-2.5087 -0.9079  0.3440 -1.5461 -0.1263  1
 2.9822  0.8149 -3.3887  1.3636  0.4911 -1
 1.0996  0.2809  1.6469  3.4067 -0.8403 -1
 2.4381  0.3886 -4.5697 -0.3634  0.0994 -1
 1.0066  0.0281 -1.1066  1.7288 -0.3347  1
 0.4867  0.1391 -2.5567 -1.4567  0.4774  1
-2.3637 -0.4833  0.3161 -1.0069  0.4098  1
-2.1643 -0.7484  3.3331  2.0630 -0.2437 -1
 2.7868  0.5341 -4.1715 -0.6490  0.6220 -1
-3.3964 -1.4879 -2.5905 -3.9094  1.3369 -1
 0.1328 -0.6763 -2.4789 -1.0685  0.2124  1
 1.3724 -0.1584 -5.0216 -1.9544  0.5238 -1
-3.4902 -1.0255  3.2529  0.3654 -0.5616 -1
-2.4575 -0.5492  0.2265 -1.3894  0.4446  1
-2.5735 -0.9450  0.5029 -1.4200 -0.1655  1
-2.5261 -1.2321  0.4927 -0.9242  0.5924  1
-2.1938 -1.4394  0.4984 -0.9051  0.5252  1
 0.5797 -0.2534  0.6965  1.8910 -0.1696  1
-4.3455 -1.1118 -0.6353 -3.6901  1.0837 -1
 3.1153  0.6266 -1.7016  2.4882 -0.1451 -1
 0.5798  0.5186  0.2861  1.9085 -0.2928  1
-0.3376  0.3277 -2.6032 -1.1538  0.5587  1
 0.8815  0.0536 -0.1708  1.9607 -0.2109  1
 0.0538  0.1111 -2.8237 -1.2931  0.6684  1
-4.8079 -1.6648  0.8698 -2.3592  0.8563 -1
-0.4995 -0.5354  0.7625  1.9877 -0.6911  1
-0.0205 -0.1890 -2.7235 -0.7832  0.2512  1
